((("undo" .
   [5 0 0 1])
  ("0" .
   [1])
  ("size_t" .
   [1 0 0 0 0 0])
  ("dev" .
   [1 0 0])
  ("stderr" .
   [2 0 0 3 1 0])
  ("/lib/gcc/x86_64-redhat-linux/4.7.2/libgfortranbegin.a" .
   [0 0 0 0 0 0 0 0 0 0 0 0 0 0 0 0 0 0 0 0 0 0 0 0 0 0 0 0 0 0 0 0 0 0 0 1 0 0 0 0 0 0 0 0 0 0 0 0 0 0 0 0 0])
  ("/lib/gcc/x86_64-redhat-linux/4.7.2/" .
   [0 0 0 0 0 0 0 0 0 0 0 0 0 0 0 0 0 0 0 0 0 0 0 0 0 0 0 0 0 1 0 0 0 0 0])
  ("/lib/gcc/x86_64-redhat-linux/" .
   [0 0 0 0 0 0 0 0 0 1 0 0 0 0 0 0 0 0 0 0 0 0 0 0 0 0 0 0 0])
  ("/lib/gcc/" .
   [0 0 0 0 0 1 0 0 0])
  ("/lib/" .
   [0 1 0 0 0])
  ("OUTPUT" .
   [2 0 0 1 0 1])
  ("ERR_WAIT_CMD_RESP" .
   [0 0 0 0 0 0 0 0 0 1 0 0 0 0 0 0 0])
  ("readByte" .
   [3 0 2 1 2 0 0 0])
  ("read" .
   [6 0 0 0])
  ("return" .
   [6 0 0 0 0 0])
  ("arg" .
   [1 0 0])
  ("writeByte" .
   [4 0 0 0 0 4 0 0 0])
  ("const" .
   [4 0 0 0 0])
  ("ERR_WAIT_IDLE" .
   [0 0 0 0 0 0 0 0 0 1 0 0 0])
  ("setError" .
   [2 0 0 0 0 0 0 0])
  ("err" .
   [1 0 0])
  ("uint8_t" .
   [0 0 0 0 7 0 0])
  ("clearError" .
   [0 0 2 0 0 0 0 0 0 0])
  ("nop" .
   [12 0 0])
  ("0xff" .
   [8 0 1 0])
  ("waitResponse" .
   [1 0 0 0 0 0 0 0 0 0 0 0])
  ("arduino-mode" .
   [0 0 0 0 0 0 0 1 0 0 0 0])
  ("auto-complete-mode" .
   [0 0 0 0 0 0 0 0 1 0 0 0 0 0 0 0 0 0])
  ("auto" .
   [1 0 0 0])
  ("add-to-list" .
   [0 0 0 0 0 0 1 0 0 0 1])
  ("newline-and-indent" .
   [0 0 0 0 0 0 0 0 1 0 0 0 0 0 0 0 0 1])
  ("newline" .
   [1 0 0 0 0 0 0])
  ("set" .
   [2 0 1])
  ("sequencep" .
   [0 0 1 1 0 0 0 0 0])
  ("set-auto-mode-1" .
   [0 0 0 1 0 0 0 0 0 0 0 0 0 0 0])
  ("setcar" .
   [0 0 0 1 0 0])
  ("setenv" .
   [0 0 1 0 0 0])
  ("clipboard-yank" .
   [1 0 0 0 0 0 0 0 0 0 0 0 0 1])
  ("ad-class-p" .
   [1 0 0 0 0 0 0 0 0 0])
  ("global-set-key" .
   [0 0 0 2 0 0 0 0 0 0 0 0 0 0])
  ("kbd" .
   [4 0 0])
  ("auto-complete" .
   [1 0 0 0 0 0 0 0 0 0 0 0 0])
  (":" .
   [2])
  ("setq" .
   [3 0 1 1])
  ("120" .
   [2 0 0])
  ("space-after-tab" .
   [0 0 1 0 0 0 0 0 0 0 0 0 0 0 0])
  ("lambda" .
   [2 0 0 0 0 0])
  ("waitBusy" .
   [0 0 0 0 2 0 0 0])
  ("add-hook" .
   [1 0 0 0 0 0 0 0])
  ("lastError" .
   [0 0 0 0 0 0 0 0 4])
  ("100" .
   [2 0 0])
  ("0x80" .
   [3 0 0 0])
  ("lastError_" .
   [2 0 0 0 0 0 0 0 0 0])
  ("INPUT" .
   [0 0 0 0 1])
  ("Serial" .
   [2 0 1 1 2 1])
  ("println" .
   [7 0 0 0 0 0 0])
  ("DDRB" .
   [4 0 0 0])
  ("OUTPUT_PULLUP" .
   [0 0 0 1 0 0 1 0 0 0 0 0 0])
  ("PORTB" .
   [2 0 0 1 0])
  ("14" .
   [1 0])
  ("false" .
   [6 0 0 0 0])
  ("void" .
   [1 0 0 0])
  ("bool" .
   [1 0 0 0])
  ("isHigh" .
   [0 0 1 0 0 0])
  ("isInterrupt" .
   [0 0 0 0 0 0 0 0 0 0 1])
  ("writeSI" .
   [2 0 0 0 0 2 0])
  ("setq-default" .
   [0 0 0 0 0 0 0 0 0 0 0 1])
  ("indent-region" .
   [1 0 0 0 0 0 0 0 0 0 0 0 0])
  ("0x00" .
   [2 0 0 0])
  ("card" .
   [19 0 0 0])
  ("setInterrupt" .
   [0 0 0 0 0 0 0 0 0 0 0 1])
  ("true" .
   [4 0 0 0])
  ("readState" .
   [4 0 0 0 4 1 0 0 0])
  ("int" .
   [5 0 0])
  ("write" .
   [2 0 0 0 0])
  ("START" .
   [1 0 0 0 0])
  ("uint32_t" .
   [4 0 0 0 0 0 0 0])
  ("readNintendo" .
   [0 0 0 0 3 0 0 1 0 0 0 0])
  ("readID" .
   [1 0 0 0 3 0])
  ("sleep" .
   [3 0 0 0 0])
  ("wakeup" .
   [2 0 0 0 1 0])
  ("1000" .
   [3 0 0 0])
  ("dst" .
   [2 0 0])
  ("print" .
   [1 0 0 0 0])
  ("HEX" .
   [2 0 0])
  ("nopFor" .
   [2 0 0 0 0 0])
  ("0x1" .
   [2 0 0])
  ("st" .
   [1 0])
  ("clear" .
   [1 0 0 0 0])
  ("while" .
   [1 0 0 0 0])
  ("test" .
   [1 0 0 0])
  ("add" .
   [1 0 0])
  ("redo" .
   [1 0 0 0])
  ("C-z" .
   [2 0 0])
  ("ses-mode" .
   [0 0 1 0 0 0 0 0])))
